22 serialization::archive 14 1 0
0 0 0 4 map1 0 0 15 0 0 0 20 0 4 1 0
1 -1 0 0 4
2 -1 0 1 4
3 -1 0 2 4
4 -1 0 3 4
5 -1 0 4 4
6 5 4 Door 1 0
7 1 0
8 0 0 19662 1 0 5 4
9 -1 0 6 4
10 -1 0 7 4
11 -1 0 8 4
12 -1 0 9 4
13 -1 0 10 4
14 -1 0 11 4
15 -1 0 12 4
16 8 5 Chest 1 0
17
18 7531 1 0 0 0 0 7 0 -1 -1 -1 -1 -1 -1 -1 0 0 8 8 0 14 6 Shield 1 0
19 1 0
20 1 0
21 7 shield1 10 0 0 0 0 0 0 0 0 0 0 0 16 4 Ring 1 0
22
23
24 5 ring1 10 0 2 0 0 0 0 0 0 0 0 1 17 7 KeyItem 1 0
25
26 4 key1 0 18 6 Helmet 1 0
27 0 0
28
29 7 helmet1 10 0 0 0 0 0 1 0 0 0 0 0 20 7 Cuirass 1 0
30
31
32 8 cuirass1 10 0 0 0 0 0 0 0 0 0 0 0 21 5 Boots 1 0
33
34
35 6 boots1 10 0 0 0 0 0 0 0 0 0 0 0 22 6 Weapon 1 0
36
37
38 7 weapon1 10 0 0 0 0 0 0 0 0 2 1 0 1 0 0 1 8 24 4 Belt 1 0
39
40
41 5 belt1 10 0 1 1 0 0 0 0 0 0 0 0 0 13 4
42 -1 0 14 4
43 -1 0 15 4
44 -1 0 16 4
45 -1 0 17 4
46 -1 0 18 4
47 -1 0 19 20 0 4
48 -1 1 0 4
49 -1 1 1 4
50 -1 1 2 4
51 -1 1 3 4
52 -1 1 4 4
53 25 4 Wall 1 0
54 1 5 4
55 -1 1 6 4
56 -1 1 7 4
57 -1 1 8 4
58 -1 1 9 4
59 -1 1 10 4
60 -1 1 11 4
61 -1 1 12 4
62 -1 1 13 4
63 -1 1 14 4
64 -1 1 15 4
65 -1 1 16 4
66 -1 1 17 4
67 -1 1 18 4
68 -1 1 19 20 0 4
69 -1 2 0 4
70 -1 2 1 4
71 -1 2 2 4
72 -1 2 3 4
73 -1 2 4 4
74 25
75 2 5 4
76 -1 2 6 4
77 -1 2 7 4
78 -1 2 8 4
79 -1 2 9 4
80 -1 2 10 4
81 -1 2 11 4
82 -1 2 12 4
83 -1 2 13 4
84 -1 2 14 4
85 -1 2 15 4
86 -1 2 16 4
87 -1 2 17 4
88 -1 2 18 4
89 -1 2 19 20 0 4
90 -1 3 0 4
91 -1 3 1 4
92 -1 3 2 4
93 -1 3 3 4
94 -1 3 4 4
95 25
96 3 5 4
97 -1 3 6 4
98 -1 3 7 4
99 -1 3 8 4
100 -1 3 9 4
101 -1 3 10 4
102 -1 3 11 4
103 -1 3 12 4
104 -1 3 13 4
105 -1 3 14 4
106 -1 3 15 4
107 -1 3 16 4
108 -1 3 17 4
109 -1 3 18 4
110 -1 3 19 20 0 4
111 -1 4 0 4
112 -1 4 1 4
113 26 8 Friendly 1 0
114 0 0 0 0 7 friend2 0 1 0 0 7 0 -1 -1 -1 -1 -1 -1 -1 7 8 0 24
115
116
117 5 belt4 10 0 0 0 0 0 0 0 0 0 0 0 18
118
119
120 7 helmet4 10 0 0 0 0 0 0 0 0 0 0 0 21
121
122
123 6 boots4 10 0 0 0 0 0 0 0 0 0 0 0 20
124
125
126 8 cuirass4 10 0 0 0 0 0 0 0 0 0 0 0 22
127
128
129 7 weapon4 10 0 0 0 0 0 0 0 0 0 0 0 1 1 8 16
130
131
132 5 ring4 10 0 0 0 0 0 0 0 0 0 0 0 14
133
134
135 7 shield4 10 0 0 0 0 0 0 0 0 0 0 0 6 0 13 11 11 9 7 6 4 2 4
136 -1 4 3 4
137 -1 4 4 4
138 25
139 4 5 4
140 -1 4 6 4
141 -1 4 7 4
142 -1 4 8 4
143 -1 4 9 4
144 -1 4 10 4
145 -1 4 11 4
146 -1 4 12 4
147 -1 4 13 4
148 -1 4 14 4
149 -1 4 15 4
150 -1 4 16 4
151 -1 4 17 4
152 -1 4 18 4
153 -1 4 19 20 0 4
154 -1 5 0 4
155 -1 5 1 4
156 -1 5 2 4
157 -1 5 3 4
158 -1 5 4 4
159 25
160 5 5 4
161 -1 5 6 4
162 -1 5 7 4
163 -1 5 8 4
164 -1 5 9 4
165 -1 5 10 4
166 -1 5 11 4
167 -1 5 12 4
168 -1 5 13 4
169 -1 5 14 4
170 -1 5 15 4
171 -1 5 16 4
172 -1 5 17 4
173 -1 5 18 4
174 -1 5 19 20 0 4
175 -1 6 0 4
176 -1 6 1 4
177 -1 6 2 4
178 -1 6 3 4
179 -1 6 4 4
180 25
181 6 5 4
182 -1 6 6 4
183 -1 6 7 4
184 -1 6 8 4
185 -1 6 9 4
186 -1 6 10 4
187 -1 6 11 4
188 -1 6 12 4
189 -1 6 13 4
190 -1 6 14 4
191 -1 6 15 4
192 -1 6 16 4
193 -1 6 17 4
194 -1 6 18 4
195 -1 6 19 20 0 4
196 -1 7 0 4
197 -1 7 1 4
198 -1 7 2 4
199 -1 7 3 4
200 -1 7 4 4
201 25
202 7 5 4
203 -1 7 6 4
204 -1 7 7 4
205 -1 7 8 4
206 -1 7 9 4
207 -1 7 10 4
208 -1 7 11 4
209 -1 7 12 4
210 -1 7 13 4
211 -1 7 14 4
212 -1 7 15 4
213 -1 7 16 4
214 -1 7 17 4
215 -1 7 18 4
216 -1 7 19 20 0 4
217 -1 8 0 4
218 -1 8 1 4
219 -1 8 2 4
220 -1 8 3 4
221 -1 8 4 4
222 25
223 8 5 4
224 -1 8 6 4
225 -1 8 7 4
226 -1 8 8 4
227 -1 8 9 4
228 -1 8 10 4
229 -1 8 11 4
230 -1 8 12 4
231 -1 8 13 4
232 -1 8 14 4
233 -1 8 15 4
234 -1 8 16 4
235 -1 8 17 4
236 -1 8 18 4
237 -1 8 19 20 0 4
238 -1 9 0 4
239 -1 9 1 4
240 -1 9 2 4
241 -1 9 3 4
242 -1 9 4 4
243 25
244 9 5 4
245 -1 9 6 4
246 -1 9 7 4
247 -1 9 8 4
248 -1 9 9 4
249 -1 9 10 4
250 -1 9 11 4
251 -1 9 12 4
252 -1 9 13 4
253 -1 9 14 4
254 -1 9 15 4
255 -1 9 16 4
256 -1 9 17 4
257 -1 9 18 4
258 -1 9 19 20 0 4
259 25
260 10 0 4
261 25
262 10 1 4
263 25
264 10 2 4
265 25
266 10 3 4
267 25
268 10 4 4
269 25
270 10 5 4
271 25
272 10 6 4
273 25
274 10 7 4
275 25
276 10 8 4
277 25
278 10 9 4
279 25
280 10 10 4
281 25
282 10 11 4
283 25
284 10 12 4
285 25
286 10 13 4
287 25
288 10 14 4
289 25
290 10 15 4
291 25
292 10 16 4
293 25
294 10 17 4
295 25
296 10 18 4
297 -1 10 19 20 0 4
298 -1 11 0 4
299 -1 11 1 4
300 -1 11 2 4
301 -1 11 3 4
302 -1 11 4 4
303 25
304 11 5 4
305 -1 11 6 4
306 -1 11 7 4
307 -1 11 8 4
308 -1 11 9 4
309 -1 11 10 4
310 -1 11 11 4
311 -1 11 12 4
312 -1 11 13 4
313 -1 11 14 4
314 -1 11 15 4
315 -1 11 16 4
316 -1 11 17 4
317 -1 11 18 4
318 -1 11 19 20 0 4
319 -1 12 0 4
320 -1 12 1 4
321 -1 12 2 4
322 -1 12 3 4
323 -1 12 4 4
324 25
325 12 5 4
326 -1 12 6 4
327 -1 12 7 4
328 -1 12 8 4
329 -1 12 9 4
330 29 5 Enemy 1 0
331 6 enemy1 0 1 0 0 7 0 18
332
333
334 7 helmet3 10 0 0 0 0 0 0 0 0 0 0 0 20
335
336
337 8 cuirass3 10 0 0 0 0 0 0 0 0 0 0 0 21
338
339
340 6 boots3 10 0 0 0 0 0 0 0 0 0 0 0 16
341
342
343 5 ring3 10 0 0 0 0 0 0 0 0 0 0 0 24
344
345
346 5 belt3 10 0 0 0 0 0 0 0 0 0 0 0 14
347
348
349 7 shield3 10 0 0 0 0 0 0 0 0 0 0 0 22
350
351
352 7 weapon3 10 0 0 0 0 0 0 0 0 0 0 0 1 1 8 0 8 0 6 0 15 14 11 9 7 5 12 10 4
353 -1 12 11 4
354 -1 12 12 4
355 -1 12 13 4
356 -1 12 14 4
357 -1 12 15 4
358 -1 12 16 4
359 -1 12 17 4
360 -1 12 18 4
361 -1 12 19 20 0 4
362 -1 13 0 4
363 -1 13 1 4
364 -1 13 2 4
365 -1 13 3 4
366 -1 13 4 4
367 25
368 13 5 4
369 -1 13 6 4
370 -1 13 7 4
371 -1 13 8 4
372 -1 13 9 4
373 -1 13 10 4
374 -1 13 11 4
375 -1 13 12 4
376 -1 13 13 4
377 -1 13 14 4
378 -1 13 15 4
379 -1 13 16 4
380 -1 13 17 4
381 -1 13 18 4
382 -1 13 19 20 0 4
383 -1 14 0 4
384 -1 14 1 4
385 -1 14 2 4
386 -1 14 3 4
387 -1 14 4 4
388 -1 14 5 4
389 -1 14 6 4
390 -1 14 7 4
391 -1 14 8 4
392 -1 14 9 4
393 -1 14 10 4
394 -1 14 11 4
395 -1 14 12 4
396 -1 14 13 4
397 -1 14 14 4
398 -1 14 15 4
399 -1 14 16 4
400 -1 14 17 4
401 -1 14 18 4
402 -1 14 19 0 0 2 0 4 1 4 298
