22 serialization::archive 14 1 0
0 0 0 22794 1 0 0 0 0 0 0 0 0 7 0 -1 -1 -1 -1 -1 -1 -1 0 0 8 8 0 9 7 KeyItem 1 0
1 1 0
2 4 key1 0 10 4 Belt 1 0
3 1 0
4
5 5 belt1 10 0 0 0 0 0 0 0 0 0 0 0 12 6 Helmet 1 0
6 1 0
7
8
9 7 helmet1 10 0 0 0 0 1 0 0 0 0 0 1 14 4 Ring 1 0
10
11
12 5 ring1 10 0 0 1 0 0 2 0 0 0 0 0 15 7 Cuirass 1 0
13
14
15
16 8 cuirass1 10 0 0 0 0 0 0 0 0 0 0 3 16 5 Boots 1 0
17
18
19
20 6 boots1 10 0 0 0 1 0 0 0 0 0 0 2 17 6 Weapon 1 0
21
22
23 7 weapon1 10 0 0 0 0 0 0 0 0 0 0 0 1 0 0 1 8 19 6 Shield 1 0
24
25
26 7 shield1 10 0 0 0 0 0 0 0 0 0 0 3
