22 serialization::archive 14 1 0
0 0 0 27276 1 0 0 0 0 0 0 0 0 7 0 -1 -1 -1 -1 -1 -1 -1 0 0 8 8 0 9 6 Helmet 1 0
1 1 0
2 1 0
3 1 0
4 7 helmet1 10 0 0 0 0 1 2 0 0 0 0 0 12 7 Cuirass 1 0
5
6
7
8 8 cuirass1 10 0 0 0 0 0 0 0 0 0 0 2 13 6 Weapon 1 0
9
10
11 7 weapon1 10 0 0 0 0 0 0 0 0 1 2 0 1 0 0 1 8 15 5 Boots 1 0
12
13
14
15 6 boots1 10 0 0 0 1 0 0 0 0 0 0 2 16 7 KeyItem 1 0
16
17 4 key1 0 17 4 Ring 1 0
18
19
20 5 ring1 10 0 2 0 0 0 1 0 0 0 0 0 18 4 Belt 1 0
21
22
23 5 belt1 10 0 0 0 0 0 0 0 0 0 0 0 19 6 Shield 1 0
24
25
26 7 shield1 10 0 0 0 0 0 0 0 0 0 0 0
