22 serialization::archive 14 1 0
0 1 0
1 1 0
2 0 0 6 enemy1 0 1 0 0 0 0 0 0 7 0 7 6 Helmet 1 0
3 1 0
4 1 0
5 1 0
6 7 helmet3 10 0 0 0 0 0 0 0 0 0 0 0 11 7 Cuirass 1 0
7
8
9
10 8 cuirass3 10 0 0 0 0 0 0 0 0 0 0 0 12 5 Boots 1 0
11
12
13
14 6 boots3 10 0 0 0 0 0 0 0 0 0 0 0 13 4 Ring 1 0
15
16
17 5 ring3 10 0 0 0 0 0 0 0 0 0 0 0 14 4 Belt 1 0
18
19
20 5 belt3 10 0 0 0 0 0 0 0 0 0 0 0 15 6 Shield 1 0
21
22
23 7 shield3 10 0 0 0 0 0 0 0 0 0 0 0 16 6 Weapon 1 0
24
25
26 7 weapon3 10 0 0 0 0 0 0 0 0 0 0 0 1 0 0 1 8 0 0 0 8 0 6 0 14 12 12 11 10 8
