22 serialization::archive 14 1 0
0 0 0 0 0 0 0 0 0 7 friend2 0 1 0 0 0 0 0 0 7 0 -1 -1 -1 -1 -1 -1 -1 0 0 7 8 0 10 6 Helmet 1 0
1 0 0 1 0
2 1 0
3 7 helmet4 10 0 0 0 0 0 0 0 0 0 0 0 13 7 Cuirass 1 0
4
5
6 8 cuirass4 10 0 0 0 0 0 0 0 0 0 0 0 14 6 Weapon 1 0
7
8
9 7 weapon4 10 0 0 0 0 0 0 0 0 0 0 0 1 0 0 1 8 16 5 Boots 1 0
10
11
12 6 boots4 10 0 0 0 0 0 0 0 0 0 0 0 17 4 Ring 1 0
13
14
15 5 ring4 10 0 0 0 0 0 0 0 0 0 0 0 18 4 Belt 1 0
16
17
18 5 belt4 10 0 0 0 0 0 0 0 0 0 0 0 19 6 Shield 1 0
19
20
21 7 shield4 10 0 0 0 0 0 0 0 0 0 0 0 6 0 13 11 11 9 7 6
