22 serialization::archive 14 1 0
0 0 0 0 0 0 0 7 player1 2 1 19 19 0 0 0 0 7 0 7 6 Helmet 1 0
1 0 0 1 0
2 1 0
3 7 helmet2 10 0 0 0 0 0 1 0 0 0 0 2 11 7 Cuirass 1 0
4
5
6 8 cuirass2 10 0 0 0 0 0 0 0 0 0 0 0 12 5 Boots 1 0
7
8
9 6 boots2 10 0 0 0 1 0 0 0 0 0 0 2 13 4 Ring 1 0
10
11
12 5 ring2 10 0 1 0 0 0 0 0 0 0 0 2 14 4 Belt 1 0
13
14
15 5 belt2 10 0 0 0 0 0 0 0 0 0 0 0 15 6 Shield 1 0
16
17
18 7 shield2 10 0 0 0 0 0 0 0 0 0 0 2 16 6 Weapon 1 0
19
20
21 7 weapon2 10 0 0 0 0 0 0 0 0 3 0 0 1 0 0 1 8 0 0 7 8 0 12
22
23
24 6 boots1 10 0 0 0 0 0 0 0 0 0 0 0 7
25
26
27 7 helmet1 10 0 0 0 0 1 0 0 0 0 0 0 13
28
29
30 5 ring1 10 0 0 0 0 0 1 0 0 0 0 0 11
31
32
33 8 cuirass1 10 0 0 0 0 0 0 0 0 0 0 1 14
34
35
36 5 belt1 10 0 0 0 0 0 0 0 0 0 0 0 15
37
38
39 7 shield1 10 0 0 0 0 0 0 0 0 0 0 1 16
40
41
42 7 weapon1 10 0 0 0 0 0 0 0 0 0 1 0 1 1 8 6 0 15 14 13 13 10 8
