22 serialization::archive 14 1 0
0 1 0
1 0 0 7 player1 2 1 -858993448 0 0 0 0 7 0 6 6 Helmet 1 0
2 1 0
3 1 0
4 1 0
5 7 helmet2 10 0 0 0 0 3 0 0 0 0 0 0 10 7 Cuirass 1 0
6
7
8
9 8 cuirass2 10 0 0 0 0 0 0 0 0 0 0 2 11 5 Boots 1 0
10
11
12
13 6 boots2 10 0 0 0 0 0 0 1 0 0 0 2 12 4 Ring 1 0
14
15
16 5 ring2 10 0 0 1 0 0 0 0 0 0 0 0 13 4 Belt 1 0
17
18
19 5 belt2 10 0 0 0 0 0 0 0 0 0 0 3 14 6 Shield 1 0
20
21
22 7 shield2 10 0 0 0 0 0 0 0 0 0 0 2 15 6 Weapon 1 0
23
24
25 7 weapon2 10 0 0 0 0 0 0 0 0 1 1 0 1 0 0 1 8 0 0 7 8 0 6
26
27
28
29 7 helmet1 10 0 0 0 0 0 1 0 0 0 0 0 13
30
31
32 5 belt1 10 0 0 0 0 0 0 0 0 0 0 0 10
33
34
35
36 8 cuirass1 10 0 0 0 0 0 0 0 0 0 0 0 14
37
38
39 7 shield1 10 0 0 0 0 0 0 0 0 0 0 1 15
40
41
42 7 weapon1 10 0 0 0 0 0 0 0 0 0 0 0 1 1 8 11
43
44
45
46 6 boots1 10 0 0 0 0 0 0 0 0 0 0 1 12
47
48
49 5 ring1 10 0 0 1 0 0 0 0 0 0 0 0 6 0 17 17 12 12 11 9
